Ejemplo - 1: Convolución 3D Básica 
Tensor de Entrada (5×5×3):
Canal 0:
   1.000    2.000    3.000    4.000    5.000 
   6.000    7.000    8.000    9.000   10.000 
  11.000   12.000   13.000   14.000   15.000 
  16.000   17.000   18.000   19.000   20.000 
  21.000   22.000   23.000   24.000   25.000 

Canal 1:
   2.000    4.000    6.000    8.000   10.000 
  12.000   14.000   16.000   18.000   20.000 
  22.000   24.000   26.000   28.000   30.000 
  32.000   34.000   36.000   38.000   40.000 
  42.000   44.000   46.000   48.000   50.000 

Canal 2:
   3.000    6.000    9.000   12.000   15.000 
  18.000   21.000   24.000   27.000   30.000 
  33.000   36.000   39.000   42.000   45.000 
  48.000   51.000   54.000   57.000   60.000 
  63.000   66.000   69.000   72.000   75.000 

Entrada: 5×5×3
Filtros: 2 filtros de 3×3×3
Padding: 0, Stride: 1
Salida: 3×3×2
Ejemplo de filtro 0:
 Filtro 0 Completo 
Filtro 0, Canal 0:
   0.653   -0.083   -0.827 
   0.574    0.466    0.448 
   0.882   -0.090   -0.579 

Filtro 0, Canal 1:
  -0.342   -0.292    0.487 
  -0.486    0.885    0.455 
  -0.011    0.270    0.665 

Filtro 0, Canal 2:
  -0.671    0.093    0.409 
   0.818   -0.394   -0.156 
  -0.763    0.586   -0.842 

Resultado Convolución 3D (3×3×2):
Canal 0:
  15.834   17.779   19.724 
  25.558   27.503   29.448 
  35.282   37.227   39.172 

Canal 1:
 -12.500  -18.423  -24.346 
 -42.114  -48.037  -53.960 
 -71.729  -77.652  -83.575 


Ejemplo - 2: Imagen RGB (6×6×3) 
Imagen RGB (6×6×3):
Canal 0:
   0.000    1.000    2.000    3.000    4.000    5.000 
   1.000    2.000    3.000    4.000    5.000    6.000 
   2.000    3.000    4.000    5.000    6.000    7.000 
   3.000    4.000    5.000    6.000    7.000    8.000 
   4.000    5.000    6.000    7.000    8.000    9.000 
   5.000    6.000    7.000    8.000    9.000   10.000 

Canal 1:
   0.000    1.000    2.000    3.000    4.000    5.000 
   2.000    3.000    4.000    5.000    6.000    7.000 
   4.000    5.000    6.000    7.000    8.000    9.000 
   6.000    7.000    8.000    9.000   10.000   11.000 
   8.000    9.000   10.000   11.000   12.000   13.000 
  10.000   11.000   12.000   13.000   14.000   15.000 

Canal 2:
   0.000    2.000    4.000    6.000    8.000   10.000 
   1.000    3.000    5.000    7.000    9.000   11.000 
   2.000    4.000    6.000    8.000   10.000   12.000 
   3.000    5.000    7.000    9.000   11.000   13.000 
   4.000    6.000    8.000   10.000   12.000   14.000 
   5.000    7.000    9.000   11.000   13.000   15.000 

Entrada: 6×6×3
Filtros: 4 filtros de 3×3×3
Padding: 1, Stride: 1
Salida: 6×6×4
Mapas de Características RGB (6×6×4):
Canal 0:
  -3.203   -2.166   -0.511    1.143    2.798   12.998 
  -5.728   -3.042   -5.231   -7.421   -9.611   10.536 
  -5.983   -2.659   -4.849   -7.038   -9.228   13.569 
  -6.239   -2.276   -4.466   -6.656   -8.846   16.602 
  -6.494   -1.893   -4.083   -6.273   -8.463   19.635 
   5.463    1.568   -1.488   -4.544   -7.599   13.035 

Canal 1:
  -2.886   -3.249   -2.501   -1.752   -1.003    7.212 
   0.572    1.408    5.507    9.605   13.704   13.765 
   1.836   -0.118    3.981    8.079   12.178   12.539 
   3.100   -1.644    2.455    6.554   10.652   11.313 
   4.364   -3.170    0.929    5.028    9.126   10.088 
  15.802   14.635   19.992   25.349   30.706   31.302 

Canal 2:
   1.135    1.188    2.502    3.816    5.129    5.957 
   5.854    4.316    4.234    4.153    4.071   -6.030 
   9.492    8.140    8.059    7.977    7.895   -5.714 
  13.130   11.965   11.883   11.801   11.719   -5.398 
  16.768   15.789   15.707   15.625   15.544   -5.082 
  13.275   17.104   17.485   17.866   18.247   -0.563 

Canal 3:
   0.254    2.042    5.432    8.822   12.212   15.590 
   1.977    3.752    8.105   12.458   16.810   29.050 
   6.300    9.072   13.425   17.778   22.131   34.880 
  10.623   14.393   18.745   23.098   27.451   40.710 
  14.947   19.713   24.066   28.419   32.771   46.540 
  17.583   19.886   22.166   24.445   26.724   39.997 


Ejemplo - 3: Con Stride = 2 
Entrada: 6×6×3
Filtros: 2 filtros de 3×3×3
Padding: 0, Stride: 2
Salida: 2×2×2
Resultado con Stride=2 (2×2×2):
Canal 0:
  -2.340    0.129 
  -6.704   -4.235 

Canal 1:
   1.692    6.262 
   4.384    8.954 


Ejemplo - 4: Filtros 1×1 
Entrada: 6×6×3
Filtros: 5 filtros de 1×1×3
Padding: 0, Stride: 1
Salida: 6×6×5
Filtro 1×1 (canal 0):
Filtro 0, Canal 0:
  -0.611 

Filtro 0, Canal 1:
   0.986 

Filtro 0, Canal 2:
   0.038 

Resultado filtros 1×1 (6×6×5):
Canal 0:
   0.000    0.450    0.901    1.351    1.802    2.252 
   1.398    1.848    2.299    2.749    3.200    3.650 
   2.796    3.246    3.697    4.147    4.598    5.048 
   4.193    4.644    5.094    5.545    5.995    6.446 
   5.591    6.042    6.492    6.943    7.393    7.844 
   6.989    7.440    7.890    8.341    8.791    9.242 

Canal 1:
   0.000   -0.645   -1.291   -1.936   -2.582   -3.227 
  -0.544   -1.189   -1.835   -2.480   -3.125   -3.771 
  -1.087   -1.733   -2.378   -3.024   -3.669   -4.314 
  -1.631   -2.276   -2.922   -3.567   -4.213   -4.858 
  -2.175   -2.820   -3.465   -4.111   -4.756   -5.402 
  -2.718   -3.364   -4.009   -4.654   -5.300   -5.945 

Canal 2:
   0.000    1.510    3.019    4.529    6.039    7.548 
   0.527    2.037    3.547    5.056    6.566    8.076 
   1.055    2.564    4.074    5.584    7.093    8.603 
   1.582    3.092    4.601    6.111    7.621    9.130 
   2.109    3.619    5.129    6.638    8.148    9.658 
   2.637    4.146    5.656    7.165    8.675   10.185 

Canal 3:
   0.000    2.140    4.280    6.419    8.559   10.699 
   1.926    4.065    6.205    8.345   10.485   12.625 
   3.851    5.991    8.131   10.271   12.410   14.550 
   5.777    7.916   10.056   12.196   14.336   16.476 
   7.702    9.842   11.982   14.122   16.261   18.401 
   9.628   11.768   13.907   16.047   18.187   20.327 

Canal 4:
   0.000    1.661    3.321    4.982    6.643    8.304 
   2.133    3.794    5.455    7.116    8.776   10.437 
   4.267    5.927    7.588    9.249   10.910   12.570 
   6.400    8.061    9.722   11.382   13.043   14.704 
   8.533   10.194   11.855   13.516   15.176   16.837 
  10.667   12.327   13.988   15.649   17.310   18.970 

