Ejemplo - 1: Convolución 3D Básica 
Tensor de Entrada (5×5×3):
Canal 0:
   1.000    2.000    3.000    4.000    5.000 
   6.000    7.000    8.000    9.000   10.000 
  11.000   12.000   13.000   14.000   15.000 
  16.000   17.000   18.000   19.000   20.000 
  21.000   22.000   23.000   24.000   25.000 

Canal 1:
   2.000    4.000    6.000    8.000   10.000 
  12.000   14.000   16.000   18.000   20.000 
  22.000   24.000   26.000   28.000   30.000 
  32.000   34.000   36.000   38.000   40.000 
  42.000   44.000   46.000   48.000   50.000 

Canal 2:
   3.000    6.000    9.000   12.000   15.000 
  18.000   21.000   24.000   27.000   30.000 
  33.000   36.000   39.000   42.000   45.000 
  48.000   51.000   54.000   57.000   60.000 
  63.000   66.000   69.000   72.000   75.000 

Entrada: 5×5×3
Filtros: 2 filtros de 3×3×3
Padding: 0, Stride: 1
Salida: 3×3×2
Ejemplo de filtro 0:
 Filtro 0 Completo 
Filtro 0, Canal 0:
   0.626    0.427   -0.583 
   0.763   -0.322   -0.215 
   0.142   -0.785    0.754 

Filtro 0, Canal 1:
  -0.770    0.310    0.218 
  -0.620    0.223   -0.450 
   0.212    0.278   -0.759 

Filtro 0, Canal 2:
  -0.674   -0.850   -0.039 
   0.644    0.055    0.998 
   0.070    0.299   -0.387 

Resultado Convolución 3D (3×3×2):
Canal 0:
  10.571    9.010    7.449 
   2.766    1.205   -0.355 
  -5.038   -6.599   -8.160 

Canal 1:
 -42.886  -45.262  -47.637 
 -54.765  -57.140  -59.516 
 -66.643  -69.019  -71.395 


Ejemplo - 2: Imagen RGB (6×6×3) 
Imagen RGB (6×6×3):
Canal 0:
   0.000    1.000    2.000    3.000    4.000    5.000 
   1.000    2.000    3.000    4.000    5.000    6.000 
   2.000    3.000    4.000    5.000    6.000    7.000 
   3.000    4.000    5.000    6.000    7.000    8.000 
   4.000    5.000    6.000    7.000    8.000    9.000 
   5.000    6.000    7.000    8.000    9.000   10.000 

Canal 1:
   0.000    1.000    2.000    3.000    4.000    5.000 
   2.000    3.000    4.000    5.000    6.000    7.000 
   4.000    5.000    6.000    7.000    8.000    9.000 
   6.000    7.000    8.000    9.000   10.000   11.000 
   8.000    9.000   10.000   11.000   12.000   13.000 
  10.000   11.000   12.000   13.000   14.000   15.000 

Canal 2:
   0.000    2.000    4.000    6.000    8.000   10.000 
   1.000    3.000    5.000    7.000    9.000   11.000 
   2.000    4.000    6.000    8.000   10.000   12.000 
   3.000    5.000    7.000    9.000   11.000   13.000 
   4.000    6.000    8.000   10.000   12.000   14.000 
   5.000    7.000    9.000   11.000   13.000   15.000 

Entrada: 6×6×3
Filtros: 4 filtros de 3×3×3
Padding: 1, Stride: 1
Salida: 6×6×4
Mapas de Características RGB (6×6×4):
Canal 0:
   7.406   11.587   17.447   23.306   29.166    3.040 
   9.817   14.558   20.509   26.461   32.412   13.136 
  15.127   22.138   28.089   34.040   39.991   16.681 
  20.437   29.717   35.668   41.620   47.571   20.227 
  25.747   37.297   43.248   49.199   55.150   23.772 
  14.574   26.979   29.896   32.812   35.728   21.460 

Canal 1:
   4.401    9.097   12.828   16.559   20.291   10.766 
   9.255   13.490   18.644   23.797   28.950   21.050 
  14.874   20.293   25.446   30.600   35.753   25.770 
  20.493   27.096   32.249   37.402   42.556   30.491 
  26.113   33.899   39.052   44.205   49.358   35.211 
  17.841   21.505   25.123   28.741   32.358   19.051 

Canal 2:
   2.522    2.618    3.070    3.521    3.973   -8.722 
   3.309    5.945    9.104   12.262   15.421   -1.123 
   6.513   11.592   14.750   17.909   21.067    0.953 
   9.717   17.238   20.397   23.555   26.714    3.030 
  12.921   22.884   26.043   29.201   32.360    5.106 
  11.997   22.299   25.440   28.582   31.723   13.730 

Canal 3:
   5.639    5.765    3.120    0.474   -2.171  -21.864 
   8.597    6.874    6.833    6.792    6.751  -13.150 
  10.887    7.523    7.482    7.441    7.400  -14.023 
  13.178    8.172    8.131    8.090    8.048  -14.895 
  15.468    8.821    8.780    8.738    8.697  -15.768 
  -1.402   -3.370   -3.347   -3.324   -3.301  -14.991 


Ejemplo - 3: Con Stride = 2 
Entrada: 6×6×3
Filtros: 2 filtros de 3×3×3
Padding: 0, Stride: 2
Salida: 2×2×2
Resultado con Stride=2 (2×2×2):
Canal 0:
  -8.919  -11.363 
 -12.367  -14.811 

Canal 1:
   5.903   10.142 
   5.216    9.454 


Ejemplo - 4: Filtros 1×1 
Entrada: 6×6×3
Filtros: 5 filtros de 1×1×3
Padding: 0, Stride: 1
Salida: 6×6×5
Filtro 1×1 (canal 0):
Filtro 0, Canal 0:
  -0.919 

Filtro 0, Canal 1:
  -0.747 

Filtro 0, Canal 2:
  -0.645 

Resultado filtros 1×1 (6×6×5):
Canal 0:
   0.000   -2.955   -5.911   -8.866  -11.821  -14.776 
  -3.057   -6.012   -8.968  -11.923  -14.878  -17.833 
  -6.114   -9.070  -12.025  -14.980  -17.935  -20.891 
  -9.171  -12.127  -15.082  -18.037  -20.992  -23.948 
 -12.228  -15.184  -18.139  -21.094  -24.050  -27.005 
 -15.286  -18.241  -21.196  -24.151  -27.107  -30.062 

Canal 1:
   0.000   -1.795   -3.590   -5.385   -7.180   -8.974 
  -1.785   -3.579   -5.374   -7.169   -8.964  -10.759 
  -3.569   -5.364   -7.159   -8.954  -10.749  -12.544 
  -5.354   -7.148   -8.943  -10.738  -12.533  -14.328 
  -7.138   -8.933  -10.728  -12.523  -14.318  -16.113 
  -8.923  -10.718  -12.512  -14.307  -16.102  -17.897 

Canal 2:
   0.000    2.890    5.780    8.671   11.561   14.451 
   2.839    5.730    8.620   11.510   14.400   17.290 
   5.679    8.569   11.459   14.349   17.240   20.130 
   8.518   11.408   14.299   17.189   20.079   22.969 
  11.358   14.248   17.138   20.028   22.918   25.809 
  14.197   17.087   19.977   22.868   25.758   28.648 

Canal 3:
   0.000   -0.320   -0.641   -0.961   -1.282   -1.602 
  -0.382   -0.702   -1.023   -1.343   -1.663   -1.984 
  -0.763   -1.084   -1.404   -1.725   -2.045   -2.366 
  -1.145   -1.465   -1.786   -2.106   -2.427   -2.747 
  -1.527   -1.847   -2.168   -2.488   -2.809   -3.129 
  -1.908   -2.229   -2.549   -2.870   -3.190   -3.511 

Canal 4:
   0.000   -0.104   -0.208   -0.311   -0.415   -0.519 
  -1.740   -1.844   -1.948   -2.052   -2.155   -2.259 
  -3.480   -3.584   -3.688   -3.792   -3.895   -3.999 
  -5.221   -5.324   -5.428   -5.532   -5.636   -5.739 
  -6.961   -7.065   -7.168   -7.272   -7.376   -7.480 
  -8.701   -8.805   -8.909   -9.012   -9.116   -9.220 

