Input Tensor (4×4×3):
Canal 0:
   0.000    1.000    2.000    3.000 
   1.000    2.000    3.000    4.000 
   2.000    3.000    4.000    5.000 
   3.000    4.000    5.000    6.000 

Canal 1:
   0.000    1.000    2.000    3.000 
   2.000    3.000    4.000    5.000 
   4.000    5.000    6.000    7.000 
   6.000    7.000    8.000    9.000 

Canal 2:
   0.000    2.000    4.000    6.000 
   1.000    3.000    5.000    7.000 
   2.000    4.000    6.000    8.000 
   3.000    5.000    7.000    9.000 

Entrada: 4×4×3
Filtros: 2 filtros de 3×3×3
Padding: 1, Stride: 1
Salida: 4×4×2
Convolution Output (4×4×2):
Canal 0:
   1.225    1.139    1.464    2.951 
   1.452   -4.150   -6.053   -0.925 
  -0.585   -8.396  -10.299   -3.549 
  -8.722  -15.154  -18.234  -10.890 

Canal 1:
   0.707    6.169   12.419   14.115 
   4.246   12.348   19.094   17.825 
   6.382   17.719   24.465   21.839 
   8.092   13.091   16.664   18.122 

ReLU Output (4×4×2):
Canal 0:
   1.225    1.139    1.464    2.951 
   1.452    0.000    0.000    0.000 
   0.000    0.000    0.000    0.000 
   0.000    0.000    0.000    0.000 

Canal 1:
   0.707    6.169   12.419   14.115 
   4.246   12.348   19.094   17.825 
   6.382   17.719   24.465   21.839 
   8.092   13.091   16.664   18.122 

AveragePooling Output (2×2×2):
Canal 0:
   0.954    1.104 
   0.000    0.000 

Canal 1:
   5.867   15.863 
  11.321   20.272 

Flatten Output (8 elements):
0.954 5.867 1.104 15.863 0.000 11.321 0.000 20.272 
