Input Tensor (4×4×3):
Canal 0:
   0.000    1.000    2.000    3.000 
   1.000    2.000    3.000    4.000 
   2.000    3.000    4.000    5.000 
   3.000    4.000    5.000    6.000 

Canal 1:
   0.000    1.000    2.000    3.000 
   2.000    3.000    4.000    5.000 
   4.000    5.000    6.000    7.000 
   6.000    7.000    8.000    9.000 

Canal 2:
   0.000    2.000    4.000    6.000 
   1.000    3.000    5.000    7.000 
   2.000    4.000    6.000    8.000 
   3.000    5.000    7.000    9.000 

Entrada: 4×4×3
Filtros: 2 filtros de 3×3×3
Padding: 1, Stride: 1
Salida: 4×4×2
Convolution Output (4×4×2):
Canal 0:
   4.864    6.491    6.243   -3.523 
   7.283    8.355    6.582  -11.973 
   8.920    6.076    4.303  -17.060 
  -2.996  -16.219  -22.400  -36.516 

Canal 1:
   0.972    0.796   -1.905  -12.465 
   4.309    4.444    5.220  -12.019 
   7.101    5.680    6.455  -15.920 
  13.139   13.955   16.825   -5.696 

ReLU Output (4×4×2):
Canal 0:
   4.864    6.491    6.243    0.000 
   7.283    8.355    6.582    0.000 
   8.920    6.076    4.303    0.000 
   0.000    0.000    0.000    0.000 

Canal 1:
   0.972    0.796    0.000    0.000 
   4.309    4.444    5.220    0.000 
   7.101    5.680    6.455    0.000 
  13.139   13.955   16.825    0.000 

MaxPooling Output (2×2×2):
Canal 0:
   8.355    6.582 
   8.920    4.303 

Canal 1:
   4.444    5.220 
  13.955   16.825 

Flatten Output (8 elements):
8.355 4.444 6.582 5.220 8.920 13.955 4.303 16.825 
